target_id	length	eff_length	est_counts	tpm
hCoV-19/USA/NY-Wadsworth-21009431-01/2021|EPI_ISL_1016469|2021-01-06	29853	29286	175.138	222.147
hCoV-19/USA/MA-CDC-STM-000008422/2021|EPI_ISL_1016637|2021-01-31	29883	29316	434.502	550.563
hCoV-19/USA/GA-CDC-LC0000950/2020|EPI_ISL_1029353|2020-12-26	29713	29146	532.382	678.522
hCoV-19/USA/NM-CDC-LC0001539/2020|EPI_ISL_1029563|2020-12-31	29713	29146	1624.88	2070.92
hCoV-19/USA/NC-CDC-LC0010904/2021|EPI_ISL_1031995|2021-01-26	29713	29146	596.685	760.476
hCoV-19/USA/NM-CDC-LC0009213/2021|EPI_ISL_1032417|2021-01-21	29713	29146	2411.78	3073.83
hCoV-19/USA/CO-CDC-LC0009200/2021|EPI_ISL_1032568|2021-01-19	29714	29147	2283.33	2910.01
hCoV-19/USA/AZ-CDC-LC0011229/2021|EPI_ISL_1038533|2021-01-28	29713	29146	901.882	1149.45
hCoV-19/USA/CA-CDC-LC0013646/2021|EPI_ISL_1038687|2021-02-01	29713	29146	598.318	762.558
hCoV-19/USA/IL-CDC-QDX21674385/2021|EPI_ISL_1087475|2021-02-02	29782	29215	2062.56	2622.53
hCoV-19/USA/TX-HMH-MCoV-20978/2021|EPI_ISL_1075422|2021-01-05	29834	29267	586.877	744.884
hCoV-19/USA/TX-HMH-MCoV-20620/2021|EPI_ISL_1075062|2021-01-04	29823	29256	875.887	1112.12
hCoV-19/USA/TX-HMH-MCoV-20328/2021|EPI_ISL_1074770|2021-01-05	29864	29297	923.616	1171.08
hCoV-19/USA/AZ-ASPHL-3157/2020|EPI_ISL_1064184|2020-12-18	29883	29316	14.5926	18.4905
hCoV-19/USA/NY-PRL-2021_02_17_00O19/2021|EPI_ISL_1041921|2021-02-15	29743	29176	681.335	867.47
hCoV-19/USA/NY-PRL-2021_02_10_02H09/2021|EPI_ISL_1041269|2021-02-08	29736	29169	2191.5	2790.87
hCoV-19/USA/FL-MML-B05387461/2020|EPI_ISL_1027665|2020	29813	29246	761.602	967.344
hCoV-19/USA/NY-NYCPHL-003028/2021|EPI_ISL_1017984|2021-02-04	29752	29185	872.764	1110.85
hCoV-19/USA/OR-PROV-509/2020|EPI_ISL_1017405|2020-06-13	29903	29336	153.562	194.447
hCoV-19/USA/OR-PROV-474/2020|EPI_ISL_1017347|2020-06-22	29903	29336	570.589	722.507
hCoV-19/USA/AZ-ASPHL-3268/2020|EPI_ISL_1016899|2020-12-28	29897	29330	1853.05	2346.9
hCoV-19/USA/NY-Wadsworth-21015596-01/2021|EPI_ISL_1016285|2021-01-19	29812	29245	945.718	1201.24
hCoV-19/USA/NY-Wadsworth-21017646-01/2021|EPI_ISL_1016163|2021-01-19	29812	29245	874.426	1110.69
hCoV-19/USA/NY-Wadsworth-21017574-01/2021|EPI_ISL_1016152|2021-01-17	29858	29291	535.994	679.744
hCoV-19/USA/AZ-ASPHL-3242/2020|EPI_ISL_1015726|2020-12-23	29856	29289	1398.47	1773.65
hCoV-19/USA/MD-MDH-0868/2021|EPI_ISL_1015576|2021-02-03	29858	29291	548.337	695.398
hCoV-19/USA/MI-UM-10038088991/2021|EPI_ISL_1014857|2021-01-30	29782	29215	566.318	720.069
hCoV-19/USA/MA-Broad_CRSP-00833/2021|EPI_ISL_1011693|2021-01-27	29832	29265	1169.37	1484.31
hCoV-19/USA/DE-DHSS-FLW00751071/2021|EPI_ISL_1009646|2021-01-29	29813	29246	762.023	967.879
hCoV-19/USA/NY-UB-00703/2021|EPI_ISL_1009609|2021-01-25	29782	29215	1003.7	1276.19
hCoV-19/USA/AZ-CDC-LC0007663/2021|EPI_ISL_1022378|2021-01-15	29714	29147	534.632	681.366
hCoV-19/USA/IL-CDC-LC0001876/2020|EPI_ISL_1029656|2020-12-26	29713	29146	1822.18	2322.38
hCoV-19/USA/FL-CDC-LC0001066/2020|EPI_ISL_1029404|2020-12-26	29713	29146	395.919	504.6
hCoV-19/USA/NY-PRL-2021_02_12_01C05/2021|EPI_ISL_1041321|2021-02-09	29734	29167	335.337	427.08
hCoV-19/USA/NY-PRL-2021_02_10_02F03/2021|EPI_ISL_1041258|2021-02-08	29744	29177	328.951	418.803
hCoV-19/USA/CA-CZB-22797/2020|EPI_ISL_1027406|2020-12-28	29831	29264	0	0
hCoV-19/USA/MI-UM-S504729/2021|EPI_ISL_1014882|2021-01-26	29782	29215	393.543	500.387
hCoV-19/USA/CA-CZB-23320/2021|EPI_ISL_1030310|2021-01-19	29848	29281	455.982	578.47
hCoV-19/USA/IL-CDC-LC0011619/2021|EPI_ISL_1038727|2021-01-31	29704	29137	1433.26	1827.26
hCoV-19/USA/NY-Wadsworth-21007442-01/2020|EPI_ISL_1020548|2020-12-29	29812	29245	1206.63	1532.65
hCoV-19/USA/NY-UB-00329/2020|EPI_ISL_1009464|2020-12-09	29782	29215	130.021	165.321
hCoV-19/USA/CA-ACPHD-00034/2020|EPI_ISL_1093576|2020-12-01	29782	29215	2113.89	2687.79
hCoV-19/USA/CA-CDC-QDX22440894/2021|EPI_ISL_1336104|2021-02-22	29763	29196	710.681	904.214
hCoV-19/USA/FL-CDC-STM-000035986/2021|EPI_ISL_1553787|2021-03-14	29816	29249	0	0
hCoV-19/USA/FL-CDC-STM-000044935/2021|EPI_ISL_1592525|2021-03-27	29827	29260	125.685	159.562
hCoV-19/USA/WA-UW-68478/2021|EPI_ISL_1497879|2021-03-22	29531	28964	13.1794	16.9027
hCoV-19/USA/FL-CDC-LC0026602/2021|EPI_ISL_1481292|2021-03-10	29708	29141	656.252	836.538
hCoV-19/USA/NY-PRL-2021_03_01_01B14/2021|EPI_ISL_1172579|2021-02-26	29745	29178	687.26	874.954
hCoV-19/USA/ME-HETL-J1767/2021|EPI_ISL_1163630|2021-02-23	29655	29088	600.497	766.86
hCoV-19/USA/RI-Broad_RIDOH-00337/2021|EPI_ISL_1121851|2021-02-10	29821	29254	1445.56	1835.56
hCoV-19/USA/WA-UW-2021040207658/2021|EPI_ISL_1628181|2021-04-02	29531	28964	10.4829	13.4444
hCoV-19/USA/TX-HMH-MCoV-16948/2020|EPI_ISL_1202659|2020-07-10	29903	29336	279.294	353.655
hCoV-19/USA/CA-CDC-IBX620764696519/2021|EPI_ISL_2087772|2021-04-27	29821	29254	97.8735	124.28
hCoV-19/USA/MN-MDH-8307/2021|EPI_ISL_2663222|2021-06-13	29769	29202	497.355	632.665
hCoV-19/USA/AK-PHL9309/2021|EPI_ISL_2467805|2021-06-01	29837	29270	1218.89	1546.9
hCoV-19/USA/PA-VSP1672/2021|EPI_ISL_2653029|2021-03-21	29901	29334	177.395	224.642
hCoV-19/USA/KY-CDC-ASC210059111/2021|EPI_ISL_2146201|2021-05-04	29889	29322	399.087	505.584
hCoV-19/USA/GA-CDC-QDX26763717/2021|EPI_ISL_3214357|2021-07-11	29769	29202	406.049	516.517
hCoV-19/USA/TN-ASC-210505723/2021|EPI_ISL_10082230|2021-12-28	29814	29247	1268.34	1610.92
hCoV-19/USA/IL-CDC-LC0530239/2022|EPI_ISL_10074465|2022-02-03	29653	29086	672.353	858.683
hCoV-19/USA/NE-NPHL22-876/2022|EPI_ISL_10073335|2022-01-04	29684	29117	360.188	459.518
hCoV-19/USA/WA-CDC-LC0528988/2022|EPI_ISL_10042476|2022-02-04	29717	29150	0	0
hCoV-19/USA/ID-CDC-2-5541481/2022|EPI_ISL_10073692|2022-01-19	29815	29248	82.901	105.289
hCoV-19/USA/NY-CDC-ASC210690795/2022|EPI_ISL_10075534|2022-01-30	29786	29219	460.611	585.583
hCoV-19/USA/FL-CDC-ASC210695781/2022|EPI_ISL_10077080|2022-02-04	29792	29225	833.671	1059.64
hCoV-19/USA/CA-CDC-FG-268281/2022|EPI_ISL_10144725|2022-02-07	29757	29190	374.366	476.411
hCoV-19/USA/TN-CDC-ASC210650985/2022|EPI_ISL_10228523|2022-02-05	29792	29225	1012.87	1287.42
hCoV-19/USA/OH-CDC-ASC210694157/2022|EPI_ISL_10229733|2022-02-06	29793	29226	4.17297	5.30391
hCoV-19/USA/SC-CDC-LC0540411/2022|EPI_ISL_10325983|2022-02-12	29694	29127	0	0
hCoV-19/USA/AZ-CDC-LC0539654/2022|EPI_ISL_10326518|2022-02-13	29693	29126	1642.28	2094.53
hCoV-19/USA/IL-CDC-ASC210552756/2022|EPI_ISL_10371465|2022-02-10	29766	29199	0	0
hCoV-19/USA/CA-CDPH-5003872952/2021|EPI_ISL_10019679|2021-11-15	29810	29243	1037.51	1317.92
hCoV-19/USA/IA-SHL-1679590/2021|EPI_ISL_10335123|2021-04-28	29778	29211	1164.9	1481.36
hCoV-19/USA/HI-BL236/2021|EPI_ISL_10239241|2021-04-25	29749	29182	3994.53	5084.76
hCoV-19/USA/VA-DCLS-10517/2021|EPI_ISL_10218967|2021-10-01	29829	29262	168.729	214.193
hCoV-19/USA/VA-DCLS-10505/2021|EPI_ISL_10218955|2021-10-06	29826	29259	221.66	281.416
hCoV-19/USA/NY-URMC-21093877-1/2021|EPI_ISL_10209555|2021-09-26	29764	29197	592.884	754.313
hCoV-19/USA/FL-BPHL-1856/2022|EPI_ISL_10175656|2022-01-06	29684	29117	0	0
hCoV-19/USA/MT-MTPHL-3982504/2022|EPI_ISL_10056839|2022-02-07	29684	29117	995.125	1269.55
hCoV-19/USA/NE-NPHL22-7276/2022|EPI_ISL_10032906|2022-01-19	29684	29117	11.3914	14.5328
hCoV-19/USA/IA-SHL-2040821/2022|EPI_ISL_10013661|2022-02-08	29684	29117	645.974	824.116
hCoV-19/USA/NJ-CDC-ASC210863005/2022|EPI_ISL_10565315|2022-02-19	29792	29225	1763.98	2242.12
hCoV-19/USA/CA-CDC-QDX34681848/2022|EPI_ISL_11353657|2022-03-06	29724	29157	1614.77	2057.25
hCoV-19/USA/FL-MSL-2615/2021|EPI_ISL_10555048|2021-10	29802	29235	50.381	64.0152
hCoV-19/USA/CT-Yale-13969/2021|EPI_ISL_10459731|2021-08-13	29797	29230	52.8812	67.2035
hCoV-19/USA/CA-HLX-STM-3J28GEBQ7/2021|EPI_ISL_12833743|2021-11-30	29890	29323	895.583	1134.53
hCoV-19/USA/OH-CWRU_CICB21075_CB106/2021|EPI_ISL_12828411|2021-04-19	29863	29296	832.339	1055.39
hCoV-19/USA/CA-CDPH-6000006293/2021|EPI_ISL_12693204|2021-09-23	29701	29134	749.456	955.576
hCoV-19/USA/VA-VTVAS3-GSC31385/2022|EPI_ISL_12374478|2022-01-04	29769	29202	52.5716	66.8742
hCoV-19/USA/NY-MSK-1359/2021|EPI_ISL_12175126|2021-04-20	29738	29171	1197.33	1524.7
hCoV-19/USA/NY-MSK-1894/2020|EPI_ISL_12175018|2020-12-13	29776	29209	113.742	144.652
hCoV-19/USA/CA-CDPH-500037203/2021|EPI_ISL_12052497|2021-12-01	29829	29262	1509.45	1916.18
hCoV-19/USA/CA-CDPH-500037164/2021|EPI_ISL_12052468|2021-12-01	29837	29270	1148.52	1457.59
hCoV-19/USA/CA-CDPH-6000009370/2021|EPI_ISL_11972153|2021-07-31	29701	29134	105.152	134.072
hCoV-19/USA/MD-HP29441-PIDJGDGQBV/2020|EPI_ISL_11963245|2020-04-06	29753	29186	2.42305	3.08395
hCoV-19/USA/NJ-NYGC-V1057-TQDC840/2021|EPI_ISL_11892251|2021-11-08	29727	29160	1029.65	1311.66
hCoV-19/USA/IA-SHL-1699130/2021|EPI_ISL_11749211|2021-05-13	29767	29200	1613.49	2052.59
hCoV-19/USA/CA-HLX-STM-QM5T5998X/2021|EPI_ISL_11685141|2021-12-23	29890	29323	1128.97	1430.19
hCoV-19/USA/VA-VTVAS3-GSC28322/2021|EPI_ISL_11579529|2021-11-19	29769	29202	233.368	296.858
hCoV-19/USA/TX-TAMGHRC-EQ04585466/2021|EPI_ISL_11413384|2021-08-30	29903	29336	976.696	1236.74
hCoV-19/USA/WV-VTVAS3-GSC27845/2021|EPI_ISL_11413037|2021-11-09	29769	29202	811.741	1032.58
hCoV-19/USA/CA-OC-FG-239008/2021|EPI_ISL_11411520|2021-12-24	29812	29245	722.38	917.558
hCoV-19/USA/CA-LACPHL-AF07679/2021|EPI_ISL_11312715|2021-12-13	29780	29213	1066.39	1356
hCoV-19/USA/CA-HLX-STM-TSQ5GV3VJ/2021|EPI_ISL_11192167|2021-12-17	29889	29322	393.891	499.002
hCoV-19/USA/VA-VTVAS3-GSC27340/2021|EPI_ISL_11171710|2021-10-07	29769	29202	199.23	253.432
hCoV-19/USA/MN-UMGC-29876/2021|EPI_ISL_11145277|2021-12-30	29759	29192	432.814	550.753
hCoV-19/env/USA/CA-SEARCH-73045/2022|EPI_ISL_11102901|2022-02-01	29820	29253	377.982	479.977
hCoV-19/USA/HI-TAMC_993/2021|EPI_ISL_11052467|2021-11-26	29890	29323	1778.87	2253.49
hCoV-19/USA/CA-CDPH-500033894/2021|EPI_ISL_11043729|2021-11-16	29809	29242	518.832	659.082
hCoV-19/USA/CA-CDPH-500033707/2021|EPI_ISL_11043602|2021-11-13	29835	29268	1405	1783.21
hCoV-19/USA/CA-CDPH-500033578/2021|EPI_ISL_11043510|2021-11-15	29828	29261	525.483	667.097
hCoV-19/USA/CA-CDPH-500037783/2021|EPI_ISL_11042617|2021-12-04	29814	29247	268.442	340.949
hCoV-19/USA/CA-CDPH-500037129/2021|EPI_ISL_11042381|2021-11-30	29791	29224	938.47	1192.89
hCoV-19/USA/CO-CDPHE-2102262644/2021|EPI_ISL_10955346|2021-11-09	29738	29171	1679.9	2139.2
hCoV-19/USA/NE-COPH-M8406/2021|EPI_ISL_10910312|2021-08-30	29701	29134	386.154	492.357
hCoV-19/USA/KY-GD_02096/2021|EPI_ISL_10723892|2021-12-19	29769	29202	688.79	876.181
hCoV-19/USA/KY-GD_02073/2021|EPI_ISL_10723869|2021-12-19	29764	29197	813.578	1035.1
hCoV-19/USA/PA-0456/2021|EPI_ISL_10658189|2021-09-06	29782	29215	114.399	145.458
hCoV-19/USA/MI-UM-10043900615/2022|EPI_ISL_10640244|2022-02-02	29724	29157	510.944	650.954
hCoV-19/USA/NY-Wadsworth-21099723-01/2021|EPI_ISL_10590022|2021-11-05	29772	29205	1094.26	1391.82
hCoV-19/USA/CO-UW21111866696/2021|EPI_ISL_10565662|2021-11-18	29527	28960	248.179	318.336
hCoV-19/USA/NM-NMDOH-2021237893/2021|EPI_ISL_10556471|2021-12-21	29714	29147	138.011	175.889
hCoV-19/USA/FL-MSL-2649/2021|EPI_ISL_10555076|2021-10	29810	29243	571.057	725.399
hCoV-19/USA/NY-URMC-21093997-1/2021|EPI_ISL_10429469|2021-09-30	29764	29197	1013.88	1289.93
hCoV-19/USA/ID-UI-IIDS-U1586/2021|EPI_ISL_10403358|2021-02-05	29728	29161	2266.39	2887.04
hCoV-19/USA/CT-Yale-16965/2021|EPI_ISL_10402120|2021-08-16	29802	29235	611.958	777.568
hCoV-19/USA/MN-Mayo-106/2020|EPI_ISL_13594233|2020-08-26	29826	29259	1678.29	2130.72
hCoV-19/USA/MN-Mayo-13206/2021|EPI_ISL_13597130|2021-10-04	29794	29227	970.306	1233.23
hCoV-19/USA/AK-CDC-2-6089451/2021|EPI_ISL_13654289|2021-10-14	29836	29269	1036.8	1315.85
hCoV-19/USA/MN-Mayo19596/2021|EPI_ISL_13679495|2021-09-02	29814	29247	59.7443	75.8813
hCoV-19/USA/NY-MSK-3986/2022|EPI_ISL_14487481|2022-01-03	29789	29222	438.689	557.655
hCoV-19/USA/NY-HQE-2591862/2021|EPI_ISL_15259125|2021-08-11	29787	29220	554.209	704.552
hCoV-19/USA/FL-BPHL-21036/2021|EPI_ISL_15438210|2021-08-06	29800	29233	100.83	128.125
hCoV-19/USA/KY-GD_03140/2021|EPI_ISL_15515888|2021-10-04	29703	29136	215.442	274.675
hCoV-19/USA/SC-6356/2021|EPI_ISL_17116172|2021-11-30	29801	29234	5940.32	7548.16
hCoV-19/USA/PA-UPENN-5147/2021|EPI_ISL_17534234|2021-06-21	29902	29335	410.426	519.719
hCoV-19/USA/TN-CDC-LC0000693/2020|EPI_ISL_1029270|2020-12-27	29714	29147	892.654	1137.65
hCoV-19/USA/AZ-CDC-ASC210064219/2021|EPI_ISL_2280418|2021-05-16	29893	29326	0	0
hCoV-19/USA/KS-KHEL-0181/2021|EPI_ISL_1054890|2021-02-09	29782	29215	1855.22	2358.89
hCoV-19/USA/OH-2829/2021|EPI_ISL_2657689|2021-05-24	29830	29263	0	0
hCoV-19/USA/TX-HMH-MCoV-21473/2021|EPI_ISL_1075919|2021-01-06	29870	29303	119.881	151.97
hCoV-19/USA/TX-HMH-MCoV-20489/2021|EPI_ISL_1074931|2021-01-04	29828	29261	152.774	193.946
hCoV-19/USA/TX-HMH-MCoV-20149/2021|EPI_ISL_1074588|2021-01-04	29864	29297	303.464	384.772
hCoV-19/USA/CA-IGI-1036/2020|EPI_ISL_1041084|2020-09-01	29839	29272	522.689	663.3
hCoV-19/USA/NC-CDC-LC0007602/2021|EPI_ISL_1021317|2021-01-19	29713	29146	2525.62	3218.91
hCoV-19/USA/OR-PROV-593/2020|EPI_ISL_1017185|2020-11-06	29903	29336	1076.16	1362.69
hCoV-19/USA/NY-Wadsworth-21015425-01/2021|EPI_ISL_1016323|2021-01-15	29789	29222	1965.06	2497.96
hCoV-19/USA/FL-CDC-LC0095068/2021|EPI_ISL_3111986|2021-07-11	29671	29104	406.442	518.759
hCoV-19/USA/SD-UMGC_126/2020|EPI_ISL_1017005|2020-10-20	29782	29215	316.575	402.523
hCoV-19/USA/WY-WPHL-21000201/2021|EPI_ISL_1017893|2021-01-02	29876	29309	576.885	731.152
hCoV-19/USA/SC-PED-0037/2021|EPI_ISL_10386248|2021-12-06	29772	29205	87.6987	111.546
hCoV-19/USA/NV-CDC-QDX33787561/2022|EPI_ISL_10330746|2022-02-11	29724	29157	1928.1	2456.45
hCoV-19/USA/TX-CDC-QDX33831868/2022|EPI_ISL_10430519|2022-02-09	29724	29157	613.062	781.055
hCoV-19/USA/MA-CDC-LC0542858/2022|EPI_ISL_10560811|2022-02-14	29727	29160	6536.65	8326.98
hCoV-19/USA/DE-CDC-LC0559886/2022|EPI_ISL_11039013|2022-03-06	29722	29155	3182.14	4054.4
hCoV-19/USA/NY-CDC-ASC210731972/2022|EPI_ISL_11117550|2022-03-04	29774	29207	1780.82	2264.92
hCoV-19/USA/MA-CDC-STM-JDAQQ6WE2/2022|EPI_ISL_11355008|2022-03-11	29850	29283	1289.26	1635.48
hCoV-19/USA/NY-CDC-QDX34884345/2022|EPI_ISL_11579055|2022-03-14	29724	29157	17.6544	22.4921
hCoV-19/USA/UT-CDC-QDX34992925/2022|EPI_ISL_11628329|2022-03-15	29724	29157	3286.19	4186.67
hCoV-19/USA/CA-CDC-QDX35038504/2022|EPI_ISL_11697486|2022-03-19	29724	29157	1987.42	2532.02
hCoV-19/USA/TX-CDC-STM-JFDDKPUEZ/2022|EPI_ISL_12046465|2022-03-29	29850	29283	2433.97	3087.59
hCoV-19/USA/NJ-CDC-LC0568969/2022|EPI_ISL_12048330|2022-04-02	29631	29064	5483.35	7008.25
hCoV-19/USA/CA-CDC-STM-SS4FHRNC8/2022|EPI_ISL_12300640|2022-04-11	29844	29277	228.515	289.94
hCoV-19/USA/NJ-PED-0048/2021|EPI_ISL_10386284|2021-07-31	29772	29205	145.268	184.77
hCoV-19/USA/VA-CDC-2-5589001/2022|EPI_ISL_10226779|2022-01-27	29789	29222	0	0
hCoV-19/USA/NC-CLT-007118/2021|EPI_ISL_12286486|2021-09-15	29740	29173	1460.12	1859.2
hCoV-19/USA/NY-MSK-3108/2021|EPI_ISL_12157387|2021-09-28	29817	29250	787.697	1000.35
hCoV-19/USA/NY-PRL-2022_0406_03E10/2022|EPI_ISL_11937616|2022-04-02	29778	29211	414.643	527.288
hCoV-19/USA/NY-PRL-2022_0406_00A07/2022|EPI_ISL_11933878|2022-04-04	29803	29236	23.8945	30.3599
hCoV-19/USA/IL-S22WGS1317/2022|EPI_ISL_11894118|2022-03-23	29729	29162	1267.09	1614.02
hCoV-19/USA/HI-H229136/2022|EPI_ISL_11683657|2022-03-24	29667	29100	2492.64	3181.9
hCoV-19/USA/CA-61210652220079/2021|EPI_ISL_11300453|2021-11-23	29816	29249	142.525	181.009
hCoV-19/USA/NM-NCGR-231250_PBvcfC/2021|EPI_ISL_11259124|2021-11-05	29766	29199	491.138	624.82
hCoV-19/USA/VA-VTVAS3-GSC27804/2021|EPI_ISL_11256462|2021-10-31	29769	29202	52.7377	67.0854
hCoV-19/USA/NY-MSHSPSP-PV49041/2021|EPI_ISL_11178975|2021-12-27	29686	29119	183.653	234.283
hCoV-19/USA/CA-CDPH-500033697/2021|EPI_ISL_11043592|2021-11-15	29837	29270	1333.13	1691.89
hCoV-19/USA/HI-H228803/2022|EPI_ISL_10952386|2022-03-03	29667	29100	0.00395088	0.00504336
hCoV-19/USA/UT-UPHL-220304330692/2022|EPI_ISL_10868262|2022-02-06	29775	29208	1960.9	2493.87
hCoV-19/USA/KY-GD_02056/2021|EPI_ISL_10723852|2021-12-19	29736	29169	1148.71	1462.88
hCoV-19/USA/NC-S61D7/2020|EPI_ISL_10657522|2020-04-07	29903	29336	0	0
hCoV-19/USA/AZ-TG1247928/2021|EPI_ISL_10603822|2021-10-16	29827	29260	763.887	969.783
hCoV-19/USA/FL-MSL-3471/2021|EPI_ISL_10555636|2021-12	29801	29234	205.043	260.542
hCoV-19/USA/NE-PED-0067/2021|EPI_ISL_10386336|2021-10-27	29769	29202	790.569	1005.65
hCoV-19/USA/UT-UPHL-220216784957/2022|EPI_ISL_10093135|2022-02-01	29737	29170	2258.5	2876.09
hCoV-19/USA/LA-CDC-STM-NS6C93EZR/2022|EPI_ISL_13188632|2022-05-27	29813	29246	117.908	149.76
hCoV-19/USA/CA-CDC-STM-NMPKTZXSK/2022|EPI_ISL_13258198|2022-05-31	29844	29277	1119.99	1421.05
hCoV-19/USA/CA-CDC-QDX37501563/2022|EPI_ISL_13291257|2022-05-29	29718	29151	2497.7	3182.78
hCoV-19/USA/HI-CDC-QDX36111698/2022|EPI_ISL_12592584|2022-04-16	29724	29157	5.40713	6.8888
hCoV-19/USA/TX-CDC-STM-KH7HGMD4F/2022|EPI_ISL_12639248|2022-05-01	29848	29281	369.727	469.045
hCoV-19/USA/NV-CDC-QDX36361012/2022|EPI_ISL_12660487|2022-04-27	29709	29142	4975.29	6341.88
hCoV-19/USA/FL-CDC-STM-Q9KKS65MD/2022|EPI_ISL_12712134|2022-05-03	29850	29283	1871.52	2374.1
hCoV-19/USA/CA-CDC-LC0632829/2022|EPI_ISL_12887463|2022-05-10	29615	29048	8977.27	11480.2
hCoV-19/USA/NC-CDC-LC0631449/2022|EPI_ISL_12889682|2022-05-12	29688	29121	3421.88	4364.93
hCoV-19/USA/TX-CDC-QDX36807300/2022|EPI_ISL_13061002|2022-05-08	29709	29142	176311	224740
hCoV-19/USA/IL-CDC-STM-CU9US2JEE/2022|EPI_ISL_13072244|2022-05-22	29835	29268	139759	177381
hCoV-19/USA/MA-CDCBI-CRSP_P7G7LUGN5D7D577C/2022|EPI_ISL_13536303|2022-06-13	29401	28834	2067.49	2663.53
hCoV-19/USA/TX-CDC-QDX37977867/2022|EPI_ISL_13528273|2022-06-08	29718	29151	3267.88	4164.21
hCoV-19/USA/UT-CDC-QDX37911509/2022|EPI_ISL_13528258|2022-06-08	29718	29151	1304.18	1661.9
hCoV-19/USA/TX-CDC-STM-YWZ3K35NZ/2022|EPI_ISL_13505439|2022-06-14	29806	29239	909.113	1154.98
hCoV-19/USA/MS-UMMC-S175K03-534931/2022|EPI_ISL_13503868|2022-06-13	29723	29156	1161.45	1479.76
hCoV-19/USA/CA-CDC-STM-GKRKKUVBV/2022|EPI_ISL_13486355|2022-06-12	29813	29246	196.351	249.394
hCoV-19/USA/NY-PRL-220621_01D06/2022|EPI_ISL_13480006|2022-06-19	29781	29214	1218	1548.73
hCoV-19/USA/NY-PRL-220621_00E06/2022|EPI_ISL_13479499|2022-06-17	29784	29217	0	0
hCoV-19/USA/NY-PRL-220621_00D12/2022|EPI_ISL_13479483|2022-06-18	29748	29181	1792.55	2281.87
hCoV-19/USA/NY-PRL-220621_01A22/2022|EPI_ISL_13479988|2022-06-19	29785	29218	416.051	528.951
hCoV-19/USA/TX-CDC-QDX37750721/2022|EPI_ISL_13434478|2022-06-06	29718	29151	9760.8	12438
hCoV-19/USA/IL-CDC-QDX37665100/2022|EPI_ISL_13433153|2022-06-03	29718	29151	0	0
hCoV-19/USA/FL-CDC-STM-HF8XJNNND/2022|EPI_ISL_13423482|2022-06-05	29844	29277	402.221	510.338
hCoV-19/USA/IL-CDC-STM-X5EAQXTCC/2022|EPI_ISL_13486162|2022-06-11	29806	29239	833.363	1058.74
hCoV-19/USA/CO-CDPHE-2103315947/2022|EPI_ISL_13396676|2022-06-01	29723	29156	640.282	815.761
hCoV-19/USA/NY-PRL-220613_00F08/2022|EPI_ISL_13366183|2022-06-10	29749	29182	324.281	412.787
hCoV-19/USA/FL-CDC-STM-TMDXAZQ9F/2022|EPI_ISL_13258632|2022-05-31	29811	29244	1495.87	1900.09
hCoV-19/USA/NY-PRL-220530_04J02/2022|EPI_ISL_13255976|2022-05-28	29774	29207	512.174	651.403
hCoV-19/USA/NY-PRL-220606_01G19/2022|EPI_ISL_13254952|2022-06-03	29785	29218	0	0
hCoV-19/USA/NY-PRL-220603_01A15/2022|EPI_ISL_13254432|2022-05-31	29805	29238	994.91	1264.03
hCoV-19/USA/NY-PRL-220603_02D02/2022|EPI_ISL_13254291|2022-05-31	29766	29199	809.426	1029.74
hCoV-19/USA/TX-CDC-QDX37299077/2022|EPI_ISL_13226837|2022-05-22	29718	29151	1608.7	2049.94
hCoV-19/USA/FL-CDC-STM-2SZXTUX6G/2022|EPI_ISL_13188207|2022-05-26	29840	29273	1028	1304.51
hCoV-19/USA/GA-CDC-STM-7X6TC4H2U/2022|EPI_ISL_13146398|2022-05-24	29844	29277	667.874	847.398
hCoV-19/USA/SC-CDC-QDX37100425/2022|EPI_ISL_13116238|2022-05-17	29718	29151	853.698	1087.85
hCoV-19/USA/GA-EHC-2647U/2021|EPI_ISL_13105767|2021-10-06	29815	29248	278.382	353.561
hCoV-19/USA/FL-CDC-STM-XFXM8QH3C/2022|EPI_ISL_13098682|2022-05-23	29802	29235	53720.8	68258.9
hCoV-19/USA/TX-HMH-MCoV-97440/2022|EPI_ISL_13054439|2022-05-10	29775	29208	174.386	221.783
hCoV-19/USA/NY-PRL-220522_02K12/2022|EPI_ISL_13044810|2022-05-20	29767	29200	4063.73	5169.65
hCoV-19/USA/NY-PRL-220522_02I13/2022|EPI_ISL_13044778|2022-05-20	29771	29204	0	0
hCoV-19/USA/NY-PRL-220516_02I10/2022|EPI_ISL_12857361|2022-05-15	29776	29209	0	0
hCoV-19/USA/NY-PRL-220518_01C13/2022|EPI_ISL_12856769|2022-05-15	29737	29170	22306.6	28406.4
hCoV-19/USA/CA-CDPH-6000000269/2021|EPI_ISL_12692978|2021-06-29	29768	29201	2122.15	2699.59
hCoV-19/USA/CA-HLX-STM-VX58S6N2W/2021|EPI_ISL_12692876|2021-12-07	29896	29329	537.944	681.332
hCoV-19/USA/CA-HLX-STM-X7T9S9S72/2021|EPI_ISL_12692660|2021-12-21	29856	29289	1188.45	1507.29
hCoV-19/USA/HI-H2210185/2022|EPI_ISL_12544446|2022-04-21	29667	29100	169.644	216.553
hCoV-19/USA/VA-CDC-QDX38007185/2022|EPI_ISL_13591162|2022-06-09	29718	29151	3136.76	3997.12
hCoV-19/USA/CA-CDC-LC0756965/2022|EPI_ISL_13864321|2022-07-03	29657	29090	1132.04	1445.56
hCoV-19/USA/OH-CDC-QDX38721286/2022|EPI_ISL_14035830|2022-07-05	29718	29151	1748.99	2228.71
hCoV-19/USA/NY-URMC-22077513-1/2022|EPI_ISL_14010529|2022-07-02	29718	29151	1323.68	1686.75
hCoV-19/USA/CA-FG-288476/2022|EPI_ISL_13981777|2022-07-04	29799	29232	1009.53	1282.86
hCoV-19/USA/NY-PRL-220708_04C19/2022|EPI_ISL_13887981|2022-07-05	29807	29240	1623.03	2061.91
hCoV-19/USA/CT-CDC-LC0755842/2022|EPI_ISL_13863709|2022-06-29	29615	29048	1546.31	1977.43
hCoV-19/USA/WA-S21247/2022|EPI_ISL_13834472|2022-06-21	29751	29184	1308.8	1665.9
hCoV-19/USA/NJ-CDC-LC0740900/2022|EPI_ISL_13723017|2022-06-25	29720	29153	0	0
hCoV-19/USA/AZ-CDC-LC0731642/2022|EPI_ISL_13645264|2022-06-19	29720	29153	0	0
hCoV-19/USA/VA-CDC-QDX38152108/2022|EPI_ISL_13643936|2022-06-16	29718	29151	1879.58	2395.12
hCoV-19/USA/NY-PRL-220624_01A06/2022|EPI_ISL_13622237|2022-06-21	29773	29206	0	0
hCoV-19/USA/NY-PRL-220624_00D19/2022|EPI_ISL_13622113|2022-06-21	29772	29205	2688.3	3419.32
hCoV-19/USA/NY-CDC-LC0725251/2022|EPI_ISL_13584812|2022-06-17	29624	29057	1065.44	1362.07
hCoV-19/USA/MN-CDC-STM-9C4CQD5XA/2022|EPI_ISL_13582429|2022-06-21	29844	29277	0	0
hCoV-19/USA/WI-CDC-STM-VHMKPG3G4/2022|EPI_ISL_13581397|2022-06-17	29842	29275	432.515	548.812
hCoV-19/USA/NC-CDC-LC0699622/2022|EPI_ISL_13551584|2022-06-05	29723	29156	33.1403	42.2229
hCoV-19/USA/NJ-CDC-LC0724869/2022|EPI_ISL_13585646|2022-06-20	29592	29025	1688.06	2160.4
hCoV-19/USA/VA-CDC-LC0819390/2022|EPI_ISL_14501414|2022-08-02	29376	28809	987.114	1272.8
hCoV-19/USA/IL-RUSH-00839/2020|EPI_ISL_14379681|2020-04-08	29863	29296	730.102	925.752
hCoV-19/USA/MA-CDC-QDX40158478/2022|EPI_ISL_14656476|2022-08-06	29718	29151	1554.77	1981.22
hCoV-19/USA/IL-CDC-QDX40273497/2022|EPI_ISL_14742024|2022-08-12	29718	29151	684.36	872.069
hCoV-19/USA/CA-CDC-STM-MDYXA49VF/2022|EPI_ISL_14898781|2022-08-29	29806	29239	347.793	441.853
hCoV-19/USA/FL-CDC-QDX40520451/2022|EPI_ISL_14825989|2022-08-18	29718	29151	0	0
hCoV-19/USA/FL-CDC-STM-NNJFMPUKT/2022|EPI_ISL_15220859|2022-09-19	29844	29277	600.158	761.48
hCoV-19/USA/IL-CDC-QDX42001146/2022|EPI_ISL_15341878|2022-10-01	29718	29151	0.00968489	0.0123413
hCoV-19/USA/NJ-CDC-LC0894017/2022|EPI_ISL_15398788|2022-09-20	29593	29026	2866.67	3668.68
hCoV-19/USA/IL-CDC-QDX42254126/2022|EPI_ISL_15425111|2022-10-04	29715	29148	2584.85	3294.17
hCoV-19/USA/NY-CDC-LC0904395/2022|EPI_ISL_15410226|2022-09-28	29720	29153	0	0
hCoV-19/USA/NJ-CDC-LC0874150/2022|EPI_ISL_15042484|2022-09-01	29720	29153	2742.2	3494.11
hCoV-19/USA/TX-CDC-STM-7GQ9HXGR3/2022|EPI_ISL_15532297|2022-10-13	29841	29274	803.124	1019.11
hCoV-19/USA/CA-CDC-STM-USBTNVF4R/2022|EPI_ISL_15704864|2022-10-24	29805	29238	735.605	934.58
hCoV-19/USA/CT-Yale-7549/2021|EPI_ISL_15573610|2021-08-04	29819	29252	96.2034	122.167
hCoV-19/USA/CA-CDPH-3000117841/2021|EPI_ISL_16327937|2021-07-07	29868	29301	25.6611	32.5321
hCoV-19/deer/USA/NY-22-006202-002/2021|EPI_ISL_16384469|2021-11-30	29775	29208	324.835	413.124
hCoV-19/USA/OH-PLMI-HCF7G-16149/2022|EPI_ISL_16448827|2022	29756	29189	319.514	406.621
hCoV-19/USA/NC-CDC-LC0976164/2022|EPI_ISL_16573362|2022-12-28	29658	29091	1310.19	1673
hCoV-19/USA/AL-UAB-511/2021|EPI_ISL_17331983|2021-07-20	29778	29211	107.454	136.645
hCoV-19/USA/IL-NM-09363/2021|EPI_ISL_17587565|2021-08-25	29831	29264	1891.36	2400.82
hCoV-19/USA/KS-KHEL-0229/2020|EPI_ISL_1073822|2020-10-21	29850	29283	1266.6	1606.74
hCoV-19/USA/NY-CDC-LC0559869/2022|EPI_ISL_11038912|2022-03-05	29694	29127	924.599	1179.17
hCoV-19/USA/WA-CDC-LC0574298/2022|EPI_ISL_12168333|2022-04-06	29634	29067	0	0
hCoV-19/USA/NC-CDC-LC0593770/2022|EPI_ISL_12594477|2022-04-23	29727	29160	1149.53	1464.38
hCoV-19/USA/TX_GCID_192005579D/2020|EPI_ISL_1113022|2020-06-29	29856	29289	93.5893	118.697
hCoV-19/USA/CA-IGI-2142/2020|EPI_ISL_1049316|2020-12-10	29782	29215	1226.78	1559.84
hCoV-19/USA/WA-PROV-734/2020|EPI_ISL_1017236|2020-10-29	29903	29336	802.771	1016.51
hCoV-19/USA/ID-IVREF-810144/2020|EPI_ISL_12037175|2020-08-04	29831	29264	620.772	787.985
hCoV-19/USA/OR-CGRB-072520-065/2020|EPI_ISL_1004206|2020-07-25	29903	29336	26.006	32.9301
hCoV-19/USA/MO-MSPHL-000072/2020|EPI_ISL_1362623|2020-04-10	29816	29249	531.186	674.613
hCoV-19/USA/WA-UW-5500425/2020|EPI_ISL_1526825|2020-06-13	29540	28973	0	0
hCoV-19/USA/NY-PRL-211029_00A08/2021|EPI_ISL_12912662|2021-10-26	29736	29169	354.814	451.854
hCoV-19/USA/CA-HLX-STM-36AE9PT72/2022|EPI_ISL_12233978|2022-03-22	29850	29283	713.361	904.927
hCoV-19/USA/OH-PLMI-HLL5M-08982/2022|EPI_ISL_12079972|2022	29754	29187	7970.49	10144.1
hCoV-19/USA/CA-OC-FG-194557/2021|EPI_ISL_11410360|2021-12-04	29845	29278	777.196	986.072
hCoV-19/USA/GA-EHC-2693O/2021|EPI_ISL_11107981|2021-10-22	29815	29248	828.098	1051.73
hCoV-19/USA/MD-HP27754-PIDWBGBGCD/2020|EPI_ISL_10879404|2020-03-13	29753	29186	156.939	199.745
hCoV-19/USA/CT-Yale-16953/2021|EPI_ISL_10402108|2021-08-16	29764	29197	248.309	315.917
hCoV-19/USA/TX-CDC-QDX37750538/2022|EPI_ISL_13464511|2022-06-06	29701	29134	5482.95	6990.91
hCoV-19/USA/CA-CDC-LC0736982/2022|EPI_ISL_13707493|2022-06-23	29721	29154	2650.17	3376.72
hCoV-19/USA/IL-CDC-STM-BJ79PY35B/2022|EPI_ISL_13977371|2022-07-11	29844	29277	552.643	701.193
hCoV-19/USA/CA-CDC-LC0784536/2022|EPI_ISL_14105229|2022-07-12	29625	29058	1837.84	2349.43
hCoV-19/USA/NJ-CDC-LC0788067/2022|EPI_ISL_14184252|2022-07-18	29657	29090	3650.71	4661.8
hCoV-19/USA/GA-CDC-QDX38830115/2022|EPI_ISL_14191910|2022-07-09	29718	29151	0	0
hCoV-19/USA/WA-CDC-QDX39168822/2022|EPI_ISL_14267833|2022-07-13	29718	29151	1322.07	1684.69
hCoV-19/USA/FL-CDC-QDX39612684/2022|EPI_ISL_14555331|2022-07-29	29718	29151	0	0
hCoV-19/USA/TX-CDC-STM-4FE3MA9CD/2022|EPI_ISL_14897958|2022-08-27	29844	29277	99.8098	126.639
hCoV-19/USA/NV-CDC-QDX40817008/2022|EPI_ISL_14910343|2022-08-28	29718	29151	2087.06	2659.51
hCoV-19/USA/WV-CDC-LC0875013/2022|EPI_ISL_15041897|2022-08-31	29655	29088	2505.42	3199.53
hCoV-19/USA/NY-CDC-QDX41378751/2022|EPI_ISL_15161402|2022-09-13	29718	29151	0	0
hCoV-19/USA/NY-PRL-220715_04C08/2022|EPI_ISL_14029208|2022-07-14	29740	29173	2354.06	2997.48
hCoV-19/USA/AK-PHL22017/2022|EPI_ISL_14600448|2022-07-29	29777	29210	310.544	394.922
hCoV-19/USA/SC-CDC-LC0771696/2022|EPI_ISL_13978996|2022-07-11	29409	28842	1631.82	2101.68
hCoV-19/USA/GA-CDC-STM-8J4D4J5WG/2022|EPI_ISL_13976680|2022-07-08	29804	29237	85.1104	108.136
hCoV-19/USA/NY-PRL-220705_05C08/2022|EPI_ISL_13745781|2022-07-02	29802	29235	1574.1	2000.09
hCoV-19/USA/NC-UNC-7007/2022|EPI_ISL_13726848|2022-06-29	29745	29178	81.9208	104.294
hCoV-19/USA/MN-CDC-LC0731367/2022|EPI_ISL_13644837|2022-06-16	29375	28808	250.963	323.606
hCoV-19/USA/AZ-CDC-LC0725679/2022|EPI_ISL_13641416|2022-06-17	29592	29025	1913.36	2448.75
hCoV-19/USA/CA-HLX-STM-N6TENUSDC/2022|EPI_ISL_13586360|2022-06-14	29804	29237	40.2395	51.1257
hCoV-19/USA/CA-CDC-LC0721520/2022|EPI_ISL_13583796|2022-06-15	29711	29144	6613.63	8429.67
hCoV-19/USA/CA-CDC-STM-P9HA8ZAHN/2022|EPI_ISL_13759313|2022-06-27	29842	29275	218.174	276.837
hCoV-19/USA/AZ-ASU83079/2022|EPI_ISL_13418233|2022-06-15	29719	29152	0	0
hCoV-19/USA/CA-HLX-STM-GKQCP32J8/2022|EPI_ISL_13415016|2022-06-08	29842	29275	23.6074	29.9551
hCoV-19/USA/CA-FG-296117/2022|EPI_ISL_15324920|2022-09-28	29772	29205	2370.45	3015.04
hCoV-19/USA/CA-FG-295929/2022|EPI_ISL_15324745|2022-09-26	29754	29187	373.962	475.945
hCoV-19/USA/GA-CDC-STM-RUWDRG6UM/2022|EPI_ISL_15260243|2022-09-21	29844	29277	1461.47	1854.31
hCoV-19/USA/MI-CDC-QDX41593620/2022|EPI_ISL_15227448|2022-09-19	29718	29151	445.52	567.719
hCoV-19/USA/NC-UNC-8051/2022|EPI_ISL_15196158|2022-09-15	29744	29177	731.883	931.795
hCoV-19/USA/MA-CDCBI-CRSP_VV7XHOERTGLJVMR7/2022|EPI_ISL_15145788|2022-09-20	29355	28788	441.279	569.405
hCoV-19/USA/PA-CDC-QDX41075068/2022|EPI_ISL_15027624|2022-09-03	29718	29151	960.29	1223.68
hCoV-19/USA/CA-HLX-STM-DYSKVC5J4/2022|EPI_ISL_14902776|2022-08-18	29800	29233	537.007	682.38
hCoV-19/USA/CA-HLX-STM-NZ57PVZCZ/2022|EPI_ISL_14902404|2022-08-22	29844	29277	1081.65	1372.39
hCoV-19/USA/TX-CDC-QDX40621867/2022|EPI_ISL_14833542|2022-08-19	29718	29151	1151.36	1467.16
hCoV-19/USA/CA-CDC-STM-VN59QX4YE/2022|EPI_ISL_14830826|2022-08-17	29850	29283	4271.27	5418.28
hCoV-19/USA/TX-CDC-STM-VPWQAXRFC/2022|EPI_ISL_14830785|2022-08-17	29844	29277	1.63934e-07	2.07999e-07
hCoV-19/USA/MN-MDH-29232/2022|EPI_ISL_14800729|2022-08-24	29717	29150	2941.68	3748.66
hCoV-19/USA/NY-PRL-220817_00C24/2022|EPI_ISL_14684423|2022-08-14	29808	29241	665.838	845.854
hCoV-19/USA/FL-CDC-QDX41999905/2022|EPI_ISL_15341496|2022-09-29	29724	29157	83.0278	105.779
hCoV-19/USA/NY-CDC-LC0904589/2022|EPI_ISL_15410638|2022-10-01	29723	29156	167.463	213.359
hCoV-19/USA/TX-CDC-LC0901257/2022|EPI_ISL_15411988|2022-09-27	29720	29153	213.961	272.629
hCoV-19/USA/DC-CDC-LC0908105/2022|EPI_ISL_15414740|2022-10-06	29720	29153	161.647	205.97
hCoV-19/USA/IL-CDC-LC0910552/2022|EPI_ISL_15481834|2022-10-05	29474	28907	318.062	408.722
hCoV-19/USA/NY-CDC-QDX42511645/2022|EPI_ISL_15511740|2022-10-15	29718	29151	1446.03	1842.65
hCoV-19/USA/PA-CDC-STM-JTTM9D75B/2022|EPI_ISL_15529707|2022-09-29	29844	29277	429.007	544.323
hCoV-19/USA/CA-CDC-STM-C825DPR9V/2022|EPI_ISL_15532020|2022-10-12	29844	29277	10.8055	13.71
hCoV-19/USA/NY-CDC-QDX42511611/2022|EPI_ISL_15546965|2022-10-15	29718	29151	1550.53	1975.81
hCoV-19/USA/CA-CDC-STM-55YK752AC/2022|EPI_ISL_15582860|2022-10-14	29816	29249	2007.5	2549.55
hCoV-19/USA/CA-CDC-LC0919875/2022|EPI_ISL_15638629|2022-10-23	29687	29120	584.73	745.905
hCoV-19/USA/GA-CDC-STM-EYQFQJ5TN/2022|EPI_ISL_15704964|2022-10-24	29830	29263	463.91	588.891
hCoV-19/USA/CA-CDC-STM-U34CQH7QB/2022|EPI_ISL_15704980|2022-10-25	29841	29274	116.235	147.494
hCoV-19/USA/CA-CDC-STM-KH8Z2JMSD/2022|EPI_ISL_15803945|2022-11-01	29827	29260	419.39	532.431
hCoV-19/USA/AZ-CDC-STM-EYZ4Q9N4H/2022|EPI_ISL_15805052|2022-11-03	29822	29255	1742	2211.91
hCoV-19/USA/CA-CDC-QDX43427694/2022|EPI_ISL_15847427|2022-11-08	29718	29151	3642.48	4641.55
hCoV-19/USA/CA-CDC-LC0934402/2022|EPI_ISL_15890664|2022-11-13	29690	29123	1343.41	1713.53
hCoV-19/USA/SC-CDC-QDX43473885/2022|EPI_ISL_15902624|2022-11-09	29715	29148	196.478	250.394
hCoV-19/USA/CA-CDC-STM-ZKWKDJVGF/2022|EPI_ISL_15841014|2022-11-06	29844	29277	147.721	187.428
hCoV-19/USA/CA-CDC-STM-T5PWXQJ46/2022|EPI_ISL_15804551|2022-11-02	29805	29238	5.01316	6.36918
hCoV-19/USA/OH-CDC-QDX43024411/2022|EPI_ISL_15771045|2022-10-26	29718	29151	1065.18	1357.35
hCoV-19/USA/CA-CDC-STM-GTQEVU78Y/2022|EPI_ISL_15767138|2022-11-02	29835	29268	2058.44	2612.55
hCoV-19/USA/NC-WFSM-1085-7818/2022|EPI_ISL_15731413|2022-10-30	29700	29133	3643.04	4645.13
hCoV-19/USA/MI-CDC-STM-CH6BCVSW2/2022|EPI_ISL_15705029|2022-10-25	29844	29277	0	0
hCoV-19/USA/CA-SCPHL-22WGS02176/2022|EPI_ISL_15667745|2022-10-27	29652	29085	638.182	815.07
hCoV-19/USA/NC-WFSM-1085-7769/2022|EPI_ISL_15640380|2022-10-24	29694	29127	1988.42	2535.9
hCoV-19/USA/FL-CDC-LC0919463/2022|EPI_ISL_15619011|2022-10-18	29592	29025	0	0
hCoV-19/USA/DE-CDC-LC0917946/2022|EPI_ISL_15618703|2022-10-15	29663	29096	992.738	1267.42
hCoV-19/USA/NY-CDC-LC0917524/2022|EPI_ISL_15618523|2022-10-11	29621	29054	1294.53	1655.11
hCoV-19/USA/MD-IGS-042229100460A/2022|EPI_ISL_15586258|2022-10-18	29839	29272	4344.49	5513.23
hCoV-19/USA/CA-CDC-STM-PJTDA3VVR/2022|EPI_ISL_15583048|2022-10-15	29812	29245	529.322	672.338
hCoV-19/USA/NM-CDC-LC0916881/2022|EPI_ISL_15545738|2022-10-14	29624	29057	830.95	1062.29
hCoV-19/USA/PA-CDC-STM-5DJQHEJYD/2022|EPI_ISL_15532199|2022-10-13	29850	29283	2027.74	2572.27
hCoV-19/USA/NC-CDC-LC0914696/2022|EPI_ISL_15499965|2022-10-14	29625	29058	645.888	825.679
hCoV-19/USA/AZ-CDC-LC0912161/2022|EPI_ISL_15482177|2022-10-07	29442	28875	0	0
hCoV-19/USA/IL-CDC-LC0913154/2022|EPI_ISL_15481415|2022-10-02	29657	29090	248.543	317.378
hCoV-19/USA/WA-UW-22092696644/2022|EPI_ISL_15420822|2022-09-26	29499	28932	916.65	1176.91
hCoV-19/USA/CT-CDC-LC0907081/2022|EPI_ISL_15414152|2022-10-03	29687	29120	929.056	1185.14
hCoV-19/USA/CT-CDC-LC0898531/2022|EPI_ISL_15411236|2022-09-22	29687	29120	91.02	116.109
hCoV-19/USA/CA-CDC-LC0938146/2022|EPI_ISL_15947402|2022-11-18	29684	29117	59.5754	76.0046
hCoV-19/USA/NY-CDC-LC0943606/2022|EPI_ISL_16089703|2022-11-28	29628	29061	1625.4	2077.64
hCoV-19/USA/NY-CDC-LC0950535/2022|EPI_ISL_16168744|2022-12-04	29685	29118	1808.51	2307.17
hCoV-19/USA/NY-NYULH9670/2022|EPI_ISL_16137787|2022-11-30	29789	29222	27.7039	35.2168
hCoV-19/USA/NY-CDC-LC0954828/2022|EPI_ISL_16206219|2022-12-05	29723	29156	70.687	90.0598
hCoV-19/USA/CA-CDC-STM-FWD7USH94/2022|EPI_ISL_16267077|2022-12-07	29815	29248	0	0
hCoV-19/USA/NJ-CDC-STM-7SHYKHHPS/2022|EPI_ISL_16267153|2022-12-07	29847	29280	1492.53	1893.52
hCoV-19/USA/CT-CDC-LC0957474/2022|EPI_ISL_16268057|2022-12-10	29723	29156	18.6125	23.7135
hCoV-19/USA/CT-CDC-LC0958282/2022|EPI_ISL_16268385|2022-12-11	29628	29061	388.013	495.97
hCoV-19/USA/DC-CDC-LC0963537/2022|EPI_ISL_16293716|2022-12-15	29724	29157	240.412	306.291
hCoV-19/USA/NJ-CDC-LC0964254/2022|EPI_ISL_16294063|2022-12-17	29628	29061	444.704	568.434
hCoV-19/USA/NJ-CDC-LC0963878/2022|EPI_ISL_16294104|2022-12-17	29690	29123	10.0053	12.7619
hCoV-19/USA/RI-CDC-LC0964239/2022|EPI_ISL_16294116|2022-12-17	29628	29061	1146.14	1465.03
hCoV-19/USA/NH-CDC-LC0964359/2022|EPI_ISL_16294118|2022-12-17	29595	29028	178.533	228.465
hCoV-19/USA/IL-CDC-STM-S934QSJ57/2022|EPI_ISL_16307699|2022-12-12	29847	29280	967.394	1227.3
hCoV-19/USA/NY-CDC-LC0964766/2022|EPI_ISL_16361358|2022-12-18	29660	29093	0	0
hCoV-19/USA/SC-CDC-LC0964642/2022|EPI_ISL_16363380|2022-12-19	29628	29061	2021.19	2583.54
hCoV-19/USA/NY-CDC-LC0967430/2022|EPI_ISL_16381276|2022-12-19	29723	29156	81.2947	103.575
hCoV-19/USA/NJ-CDC-LC0969154/2022|EPI_ISL_16382903|2022-12-23	29598	29031	132.098	169.026
hCoV-19/USA/MA-CDCBI-CRSP_ZPD7BNYW2VUOGKKO/2022|EPI_ISL_16243833|2022-12-12	29404	28837	1059.82	1365.22
hCoV-19/USA/CA-CDC-LC0973696/2022|EPI_ISL_16416741|2022-12-26	29691	29124	181.975	232.103
hCoV-19/USA/IN-CDC-LC0973993/2022|EPI_ISL_16569572|2022-12-20	29660	29093	57.3012	73.1635
hCoV-19/USA/CT-CDC-LC0977874/2022|EPI_ISL_16572685|2022-12-26	29724	29157	134.797	171.735
hCoV-19/USA/NC-CDC-LC0986864/2023|EPI_ISL_16666034|2023-01-09	29691	29124	805.983	1028
hCoV-19/USA/OR-OSPHL08039/2023|EPI_ISL_16609677|2023-01-10	29684	29117	79.1411	100.966
hCoV-19/USA/HI-H2319321/2023|EPI_ISL_16608705|2023-01-05	29649	29082	40.7976	52.111
hCoV-19/USA/TX-HMH-123247/2023|EPI_ISL_16599352|2023-01-11	29772	29205	352.26	448.049
hCoV-19/USA/OH-PLMI-HCF7J-16185/2023|EPI_ISL_16533535|2023	29748	29181	729.157	928.198
hCoV-19/USA/MI-UM-RR2494013161/2022|EPI_ISL_16529732|2022-12-19	29610	29043	0	0
hCoV-19/USA/NC-WFSM-1085-8808/2023|EPI_ISL_16492929|2023-01-03	29697	29130	341.345	435.284
hCoV-19/USA/NY-NYULH9987/2022|EPI_ISL_16483112|2022-12-27	29796	29229	92.6299	117.722
hCoV-19/USA/IN-CDC-STM-N8WT247WH/2023|EPI_ISL_16681046|2023-01-14	29819	29252	1025.37	1302.1
hCoV-19/USA/VA-CDC-88390756/2023|EPI_ISL_16835058|2023-01-16	29845	29278	424.926	539.127
hCoV-19/USA/TX-CDC-QDX45690418/2023|EPI_ISL_16778677|2023-01-12	29721	29154	454.952	579.678
hCoV-19/USA/TX-CDC-LC0998933/2023|EPI_ISL_16859397|2023-01-17	29660	29093	748.375	955.543
hCoV-19/USA/TX-HMH-M-126564/2023|EPI_ISL_17181019|2023-03-02	29773	29206	610.65	776.676
hCoV-19/USA/UT-CDC-QDX47043512/2023|EPI_ISL_17147462|2023-02-20	29721	29154	424.148	540.429
hCoV-19/USA/CA-CDC-LC1022590/2023|EPI_ISL_17181883|2023-02-28	29687	29120	661.136	843.371
hCoV-19/USA/CA-CDC-VSX-A078855/2023|EPI_ISL_17190406|2023-02-25	29814	29247	1051.65	1335.7
hCoV-19/USA/TX-CDC-QDX47492582/2023|EPI_ISL_17250093|2023-03-03	29721	29154	3.98948	5.0832
